10,77
10,167
10,5
10,283
10,25
10,207
10,29
10,83
11,20
11,23
8,5
20,3
20,2
20,1
19,3
19,2
19,1
18,3
18,1
14,3
14,1
13,3
13,1
12,3
12,2
12,1
11,28
11,27
11,26
11,24
11,18
11,16
11,15
11,14
11,13
11,12
11,10
11,9
11,8
11,4
11,3
11,2
11,1
10,282
10,233
10,228
10,227
10,190
10,183
10,166
10,156
10,149
10,145
10,136
10,125
10,107
10,98
10,95
10,4
10,3
10,2
10,1
9,7
9,6
9,5
9,4
9,3
9,2
9,1
8,17
8,16
8,15
8,14
8,13
8,12
8,11
8,10
8,9
8,7
8,4
8,3
8,2
8,1
3,3
3,2
3,1
2,3
2,2
2,1
0,472
0,0
59,34
59,33
59,32
59,31
59,30
59,29
59,28
